###### Camera Calibration File For Cam 0 of Euroc Datasets ######
image_width: 640
image_height: 480
camera_name: camera/rgb/image_rect_mono
camera_matrix:
  rows: 3
  cols: 3
  data: [627.1682739257812, 0.0, 328.3178405761719, 0.0, 633.8917846679688, 264.85052490234375, 0.0, 0.0, 1.0]
distortion_model: plumb_bob
distortion_coefficients:
  rows: 1
  cols: 5
  data:  [-0.06627094000577927, 0.02716059796512127, -0.00037734207580797374, -0.0011735913576558232, 0.0]
#T_B_C:
#  cols: 4
#  rows: 4
#  data: [0.0, -1.0,  0.0,  0.15,
#         0.0,  0.0, -1.0, -0.05,
#         1.0,  0.0,  0.0,  0.003,
#         0.0,  0.0,  0.0,  1.0]
###### Original Calibration File ######
## General sensor definitions.
#sensor_type: camera
#comment: VI-Sensor cam0 (MT9M034)
#
## Sensor extrinsics wrt. the body-frame.
#T_BS:
#  cols: 4
#  rows: 4
#  data: [0.0148655429818, -0.999880929698, 0.00414029679422, -0.0216401454975,
#         0.999557249008, 0.0149672133247, 0.025715529948, -0.064676986768,
#        -0.0257744366974, 0.00375618835797, 0.999660727178, 0.00981073058949,
#         0.0, 0.0, 0.0, 1.0]
#
## Camera specific definitions.
#rate_hz: 20
#resolution: [752, 480]
#camera_model: pinhole
#intrinsics: [458.654, 457.296, 367.215, 248.375] #fu, fv, cu, cv
#distortion_model: radial-tangential
#distortion_coefficients: [-0.28340811, 0.07395907, 0.00019359, 1.76187114e-05]


